   1.2013116587858125e-01  -2.3053001914523233e-01  -3.2225270127555156e-01   3.8786838605913310e-01  -4.2206128094631645e-01   4.2206128094631629e-01   3.8786838605913299e-01   3.2225270127555100e-01  -2.3053001914523283e-01   1.2013116587858076e-01
   2.3053001914523263e-01  -3.8786838605913299e-01  -4.2206128094631629e-01   3.2225270127555067e-01  -1.2013116587858086e-01  -1.2013116587858122e-01  -3.2225270127555095e-01  -4.2206128094631623e-01   3.8786838605913376e-01  -2.3053001914523161e-01
   3.2225270127555117e-01  -4.2206128094631584e-01  -2.3053001914523277e-01  -1.2013116587858108e-01   3.8786838605913360e-01  -3.8786838605913321e-01  -1.2013116587858111e-01   2.3053001914523252e-01  -4.2206128094631673e-01   3.2225270127555006e-01
   3.8786838605913299e-01  -3.2225270127555050e-01   1.2013116587858101e-01  -4.2206128094631623e-01   2.3053001914523275e-01   2.3053001914523252e-01   4.2206128094631606e-01   1.2013116587858128e-01   3.2225270127555189e-01  -3.8786838605913221e-01
   4.2206128094631590e-01  -1.2013116587858083e-01   3.8786838605913315e-01  -2.3053001914523255e-01  -3.2225270127555122e-01   3.2225270127555072e-01  -2.3053001914523241e-01  -3.8786838605913354e-01  -1.2013116587858218e-01   4.2206128094631579e-01
   4.2206128094631562e-01   1.2013116587858132e-01   3.8786838605913299e-01   2.3053001914523250e-01  -3.2225270127555122e-01  -3.2225270127555117e-01  -2.3053001914523236e-01   3.8786838605913332e-01  -1.2013116587857994e-01  -4.2206128094631645e-01
   3.8786838605913276e-01   3.2225270127555100e-01   1.2013116587858065e-01   4.2206128094631645e-01   2.3053001914523261e-01  -2.3053001914523233e-01   4.2206128094631623e-01  -1.2013116587858094e-01   3.2225270127555022e-01   3.8786838605913376e-01
   3.2225270127555067e-01   4.2206128094631601e-01  -2.3053001914523213e-01   1.2013116587858118e-01   3.8786838605913343e-01   3.8786838605913332e-01  -1.2013116587858115e-01  -2.3053001914523247e-01  -4.2206128094631584e-01  -3.2225270127555206e-01
   2.3053001914523180e-01   3.8786838605913310e-01  -4.2206128094631562e-01  -3.2225270127555128e-01  -1.2013116587858116e-01   1.2013116587858119e-01  -3.2225270127555133e-01   4.2206128094631573e-01   3.8786838605913276e-01   2.3053001914523338e-01
   1.2013116587858068e-01   2.3053001914523247e-01  -3.2225270127555083e-01  -3.8786838605913365e-01  -4.2206128094631595e-01  -4.2206128094631606e-01   3.8786838605913337e-01  -3.2225270127555056e-01  -2.3053001914523200e-01  -1.2013116587858176e-01
